Y5 = 123.819 + 0.65472(X5)
Y10 = 76.292 + 0.7834(X10)
Y20 = 14.751 + 0.9507(X20)
Y30 =  -0.2458 + 0.9966 (X30)
Y40 = 35.959 + 0.9272(X40)
Y50 = -0.2302 + 1.0059(X50)
Y60 = -5.17605 + 1.01565 (X60)
Y70 = -11.0791 + 1.03811(X70)
Y80 = -13.9023 + 1.05086(X80)
Y90 = -16.44 + 1.065998(X90)
Y95 = 7.70 + 1.00225946(X95)
